2789 321 481
250 143 3 0
248 144 3 0
249 144 3 0
250 144 3 0
251 144 3 0
252 144 3 0
248 145 3 0
249 145 3 0
250 145 3 0
251 145 3 0
252 145 3 0
247 146 3 0
248 146 3 0
249 146 3 0
250 146 3 0
251 146 3 0
252 146 3 0
253 146 3 0
247 147 3 0
248 147 3 0
249 147 3 0
250 147 3 0
251 147 3 0
252 147 3 0
253 147 3 0
247 148 3 0
248 148 3 0
249 148 3 0
250 148 3 0
251 148 3 0
252 148 3 0
253 148 3 0
247 149 3 0
248 149 3 0
249 149 3 0
250 149 3 0
251 149 3 0
252 149 3 0
253 149 3 0
247 150 3 0
248 150 3 0
249 150 3 0
250 150 3 0
251 150 3 0
252 150 3 0
253 150 3 0
247 151 3 0
248 151 3 0
249 151 3 0
250 151 3 0
251 151 3 0
252 151 3 0
253 151 3 0
247 152 3 0
248 152 3 0
249 152 3 0
250 152 3 0
251 152 3 0
252 152 3 0
253 152 3 0
247 153 3 0
248 153 3 0
249 153 3 0
250 153 3 0
251 153 3 0
252 153 3 0
253 153 3 0
247 154 3 0
248 154 3 0
249 154 3 0
250 154 3 0
251 154 3 0
252 154 3 0
253 154 3 0
247 155 3 0
248 155 3 0
249 155 3 0
250 155 3 0
251 155 3 0
252 155 3 0
253 155 3 0
247 156 3 0
248 156 3 0
249 156 3 0
250 156 3 0
251 156 3 0
252 156 3 0
253 156 3 0
247 157 3 0
248 157 3 0
249 157 3 0
250 157 3 0
251 157 3 0
252 157 3 0
253 157 3 0
247 158 3 0
248 158 3 0
249 158 3 0
250 158 3 0
251 158 3 0
252 158 3 0
253 158 3 0
247 159 3 0
248 159 3 0
249 159 3 0
250 159 3 0
251 159 3 0
252 159 3 0
253 159 3 0
247 160 3 0
248 160 3 0
249 160 3 0
250 160 3 0
251 160 3 0
252 160 3 0
253 160 3 0
247 161 3 0
248 161 3 0
249 161 3 0
250 161 3 0
251 161 3 0
252 161 3 0
253 161 3 0
247 162 3 0
248 162 3 0
249 162 3 0
250 162 3 0
251 162 3 0
252 162 3 0
253 162 3 0
247 163 3 0
248 163 3 0
249 163 3 0
250 163 3 0
251 163 3 0
252 163 3 0
253 163 3 0
247 164 3 0
248 164 3 0
249 164 3 0
250 164 3 0
251 164 3 0
252 164 3 0
253 164 3 0
247 165 3 0
248 165 3 0
249 165 3 0
250 165 3 0
251 165 3 0
252 165 3 0
253 165 3 0
247 166 3 0
248 166 3 0
249 166 3 0
250 166 3 0
251 166 3 0
252 166 3 0
253 166 3 0
247 167 3 0
248 167 3 0
249 167 3 0
250 167 3 0
251 167 3 0
252 167 3 0
253 167 3 0
247 168 3 0
248 168 3 0
249 168 3 0
250 168 3 0
251 168 3 0
252 168 3 0
253 168 3 0
247 169 3 0
248 169 3 0
249 169 3 0
250 169 3 0
251 169 3 0
252 169 3 0
253 169 3 0
247 170 3 0
248 170 3 0
249 170 3 0
250 170 3 0
251 170 3 0
252 170 3 0
253 170 3 0
247 171 3 0
248 171 3 0
249 171 3 0
250 171 3 0
251 171 3 0
252 171 3 0
253 171 3 0
247 172 3 0
248 172 3 0
249 172 3 0
250 172 3 0
251 172 3 0
252 172 3 0
253 172 3 0
247 173 3 0
248 173 3 0
249 173 3 0
250 173 3 0
251 173 3 0
252 173 3 0
253 173 3 0
247 174 3 0
248 174 3 0
249 174 3 0
250 174 3 0
251 174 3 0
252 174 3 0
253 174 3 0
247 175 3 0
248 175 3 0
249 175 3 0
250 175 3 0
251 175 3 0
252 175 3 0
253 175 3 0
247 176 3 0
248 176 3 0
249 176 3 0
250 176 3 0
251 176 3 0
252 176 3 0
253 176 3 0
247 177 3 0
248 177 3 0
249 177 3 0
250 177 3 0
251 177 3 0
252 177 3 0
253 177 3 0
247 178 3 0
248 178 3 0
249 178 3 0
250 178 3 0
251 178 3 0
252 178 3 0
253 178 3 0
247 179 3 0
248 179 3 0
249 179 3 0
250 179 3 0
251 179 3 0
252 179 3 0
253 179 3 0
247 180 3 0
248 180 3 0
249 180 3 0
250 180 3 0
251 180 3 0
252 180 3 0
253 180 3 0
247 181 3 0
248 181 3 0
249 181 3 0
250 181 3 0
251 181 3 0
252 181 3 0
253 181 3 0
247 182 3 0
248 182 3 0
249 182 3 0
250 182 3 0
251 182 3 0
252 182 3 0
253 182 3 0
247 183 3 0
248 183 3 0
249 183 3 0
250 183 3 0
251 183 3 0
252 183 3 0
253 183 3 0
247 184 3 0
248 184 3 0
249 184 3 0
250 184 3 0
251 184 3 0
252 184 3 0
253 184 3 0
247 185 3 0
248 185 3 0
249 185 3 0
250 185 3 0
251 185 3 0
252 185 3 0
253 185 3 0
247 186 3 0
248 186 3 0
249 186 3 0
250 186 3 0
251 186 3 0
252 186 3 0
253 186 3 0
247 187 3 0
248 187 3 0
249 187 3 0
250 187 3 0
251 187 3 0
252 187 3 0
253 187 3 0
247 188 3 0
248 188 3 0
249 188 3 0
250 188 3 0
251 188 3 0
252 188 3 0
253 188 3 0
247 189 3 0
248 189 3 0
249 189 3 0
250 189 3 0
251 189 3 0
252 189 3 0
253 189 3 0
172 190 2 1
173 190 2 1
247 190 3 0
248 190 3 0
249 190 3 0
250 190 3 0
251 190 3 0
252 190 3 0
253 190 3 0
170 191 2 1
171 191 2 1
172 191 2 1
173 191 2 1
174 191 2 1
175 191 2 1
247 191 3 0
248 191 3 0
249 191 3 0
250 191 3 0
251 191 3 0
252 191 3 0
253 191 3 0
169 192 2 1
170 192 2 1
171 192 2 1
172 192 2 1
173 192 2 1
174 192 2 1
175 192 2 1
247 192 3 0
248 192 3 0
249 192 3 0
250 192 3 0
251 192 3 0
252 192 3 0
253 192 3 0
168 193 2 1
169 193 2 1
170 193 2 1
171 193 2 1
172 193 2 1
173 193 2 1
174 193 2 1
175 193 2 1
176 193 2 1
247 193 3 0
248 193 3 0
249 193 3 0
250 193 3 0
251 193 3 0
252 193 3 0
253 193 3 0
166 194 2 1
167 194 2 1
168 194 2 1
169 194 2 1
170 194 2 1
171 194 2 1
172 194 2 1
173 194 2 1
174 194 2 1
175 194 2 1
247 194 3 0
248 194 3 0
249 194 3 0
250 194 3 0
251 194 3 0
252 194 3 0
253 194 3 0
165 195 2 1
166 195 2 1
167 195 2 1
168 195 2 1
169 195 2 1
170 195 2 1
171 195 2 1
172 195 2 1
173 195 2 1
174 195 2 1
175 195 2 1
246 195 3 0
247 195 3 0
248 195 3 0
249 195 3 0
250 195 3 0
251 195 3 0
252 195 3 0
253 195 3 0
164 196 2 1
165 196 2 1
166 196 2 1
167 196 2 1
168 196 2 1
169 196 2 1
170 196 2 1
171 196 2 1
172 196 2 1
173 196 2 1
174 196 2 1
246 196 3 0
247 196 3 0
248 196 3 0
249 196 3 0
250 196 3 0
251 196 3 0
252 196 3 0
162 197 2 1
163 197 2 1
164 197 2 1
165 197 2 1
166 197 2 1
167 197 2 1
168 197 2 1
169 197 2 1
170 197 2 1
171 197 2 1
172 197 2 1
173 197 2 1
245 197 3 0
246 197 3 0
247 197 3 0
248 197 3 0
249 197 3 0
250 197 3 0
251 197 3 0
252 197 3 0
160 198 2 1
161 198 2 1
162 198 2 1
163 198 2 1
164 198 2 1
165 198 2 1
166 198 2 1
167 198 2 1
168 198 2 1
169 198 2 1
170 198 2 1
171 198 2 1
172 198 2 1
245 198 3 0
246 198 3 0
247 198 3 0
248 198 3 0
249 198 3 0
250 198 3 0
251 198 3 0
159 199 2 1
160 199 2 1
161 199 2 1
162 199 2 1
163 199 2 1
164 199 2 1
165 199 2 1
166 199 2 1
167 199 2 1
168 199 2 1
169 199 2 1
170 199 2 1
245 199 3 0
246 199 3 0
247 199 3 0
248 199 3 0
249 199 3 0
250 199 3 0
251 199 3 0
158 200 2 1
159 200 2 1
160 200 2 1
161 200 2 1
162 200 2 1
163 200 2 1
164 200 2 1
165 200 2 1
166 200 2 1
167 200 2 1
168 200 2 1
169 200 2 1
245 200 3 0
246 200 3 0
247 200 3 0
248 200 3 0
249 200 3 0
250 200 3 0
251 200 3 0
157 201 2 1
158 201 2 1
159 201 2 1
160 201 2 1
161 201 2 1
162 201 2 1
163 201 2 1
164 201 2 1
165 201 2 1
166 201 2 1
167 201 2 1
168 201 2 1
244 201 3 0
245 201 3 0
246 201 3 0
247 201 3 0
248 201 3 0
249 201 3 0
250 201 3 0
251 201 3 0
156 202 2 1
157 202 2 1
158 202 2 1
159 202 2 1
160 202 2 1
161 202 2 1
162 202 2 1
163 202 2 1
164 202 2 1
165 202 2 1
166 202 2 1
244 202 3 0
245 202 3 0
246 202 3 0
247 202 3 0
248 202 3 0
249 202 3 0
250 202 3 0
154 203 2 1
155 203 2 1
156 203 2 1
157 203 2 1
158 203 2 1
159 203 2 1
160 203 2 1
161 203 2 1
162 203 2 1
163 203 2 1
164 203 2 1
243 203 3 0
244 203 3 0
245 203 3 0
246 203 3 0
247 203 3 0
248 203 3 0
249 203 3 0
250 203 3 0
152 204 2 1
153 204 2 1
154 204 2 1
155 204 2 1
156 204 2 1
157 204 2 1
158 204 2 1
159 204 2 1
160 204 2 1
161 204 2 1
162 204 2 1
163 204 2 1
243 204 3 0
244 204 3 0
245 204 3 0
246 204 3 0
247 204 3 0
248 204 3 0
249 204 3 0
146 205 2 1
147 205 2 1
148 205 2 1
149 205 2 1
150 205 2 1
151 205 2 1
152 205 2 1
153 205 2 1
154 205 2 1
155 205 2 1
156 205 2 1
157 205 2 1
158 205 2 1
159 205 2 1
160 205 2 1
161 205 2 1
162 205 2 1
242 205 3 0
243 205 3 0
244 205 3 0
245 205 3 0
246 205 3 0
247 205 3 0
248 205 3 0
249 205 3 0
137 206 2 1
138 206 2 1
139 206 2 1
140 206 2 1
141 206 2 1
142 206 2 1
143 206 2 1
144 206 2 1
145 206 2 1
146 206 2 1
147 206 2 1
148 206 2 1
149 206 2 1
150 206 2 1
151 206 2 1
152 206 2 1
153 206 2 1
154 206 2 1
155 206 2 1
156 206 2 1
157 206 2 1
158 206 2 1
159 206 2 1
160 206 2 1
161 206 2 1
242 206 3 0
243 206 3 0
244 206 3 0
245 206 3 0
246 206 3 0
247 206 3 0
248 206 3 0
135 207 2 1
136 207 2 1
137 207 2 1
138 207 2 1
139 207 2 1
140 207 2 1
141 207 2 1
142 207 2 1
143 207 2 1
144 207 2 1
145 207 2 1
146 207 2 1
147 207 2 1
148 207 2 1
149 207 2 1
150 207 2 1
151 207 2 1
152 207 2 1
153 207 2 1
154 207 2 1
155 207 2 1
156 207 2 1
157 207 2 1
158 207 2 1
159 207 2 1
160 207 2 1
241 207 3 0
242 207 3 0
243 207 3 0
244 207 3 0
245 207 3 0
246 207 3 0
247 207 3 0
248 207 3 0
126 208 2 1
127 208 2 1
128 208 2 1
129 208 2 1
130 208 2 1
131 208 2 1
132 208 2 1
133 208 2 1
134 208 2 1
135 208 2 1
136 208 2 1
137 208 2 1
138 208 2 1
139 208 2 1
140 208 2 1
141 208 2 1
142 208 2 1
143 208 2 1
144 208 2 1
145 208 2 1
146 208 2 1
147 208 2 1
148 208 2 1
149 208 2 1
150 208 2 1
151 208 2 1
152 208 2 1
153 208 2 1
154 208 2 1
155 208 2 1
156 208 2 1
157 208 2 1
158 208 2 1
241 208 3 0
242 208 3 0
243 208 3 0
244 208 3 0
245 208 3 0
246 208 3 0
247 208 3 0
119 209 2 1
120 209 2 1
121 209 2 1
122 209 2 1
123 209 2 1
124 209 2 1
125 209 2 1
126 209 2 1
127 209 2 1
128 209 2 1
129 209 2 1
130 209 2 1
131 209 2 1
132 209 2 1
133 209 2 1
134 209 2 1
135 209 2 1
136 209 2 1
137 209 2 1
138 209 2 1
139 209 2 1
140 209 2 1
141 209 2 1
142 209 2 1
143 209 2 1
144 209 2 1
145 209 2 1
146 209 2 1
147 209 2 1
148 209 2 1
149 209 2 1
150 209 2 1
151 209 2 1
152 209 2 1
153 209 2 1
154 209 2 1
155 209 2 1
156 209 2 1
240 209 3 0
241 209 3 0
242 209 3 0
243 209 3 0
244 209 3 0
245 209 3 0
246 209 3 0
247 209 3 0
78 210 2 1
79 210 2 1
80 210 2 1
81 210 2 1
82 210 2 1
83 210 2 1
84 210 2 1
85 210 2 1
86 210 2 1
87 210 2 1
88 210 2 1
89 210 2 1
90 210 2 1
91 210 2 1
92 210 2 1
93 210 2 1
94 210 2 1
95 210 2 1
96 210 2 1
97 210 2 1
98 210 2 1
99 210 2 1
100 210 2 1
101 210 2 1
102 210 2 1
103 210 2 1
104 210 2 1
105 210 2 1
106 210 2 1
107 210 2 1
108 210 2 1
109 210 2 1
110 210 2 1
111 210 2 1
112 210 2 1
113 210 2 1
114 210 2 1
115 210 2 1
116 210 2 1
117 210 2 1
118 210 2 1
119 210 2 1
120 210 2 1
121 210 2 1
122 210 2 1
123 210 2 1
124 210 2 1
125 210 2 1
126 210 2 1
127 210 2 1
128 210 2 1
129 210 2 1
130 210 2 1
131 210 2 1
132 210 2 1
133 210 2 1
134 210 2 1
135 210 2 1
136 210 2 1
137 210 2 1
138 210 2 1
139 210 2 1
140 210 2 1
141 210 2 1
142 210 2 1
143 210 2 1
144 210 2 1
145 210 2 1
146 210 2 1
147 210 2 1
148 210 2 1
149 210 2 1
150 210 2 1
151 210 2 1
152 210 2 1
153 210 2 1
154 210 2 1
240 210 3 0
241 210 3 0
242 210 3 0
243 210 3 0
244 210 3 0
245 210 3 0
246 210 3 0
76 211 2 1
77 211 2 1
78 211 2 1
79 211 2 1
80 211 2 1
81 211 2 1
82 211 2 1
83 211 2 1
84 211 2 1
85 211 2 1
86 211 2 1
87 211 2 1
88 211 2 1
89 211 2 1
90 211 2 1
91 211 2 1
92 211 2 1
93 211 2 1
94 211 2 1
95 211 2 1
96 211 2 1
97 211 2 1
98 211 2 1
99 211 2 1
100 211 2 1
101 211 2 1
102 211 2 1
103 211 2 1
104 211 2 1
105 211 2 1
106 211 2 1
107 211 2 1
108 211 2 1
109 211 2 1
110 211 2 1
111 211 2 1
112 211 2 1
113 211 2 1
114 211 2 1
115 211 2 1
116 211 2 1
117 211 2 1
118 211 2 1
119 211 2 1
120 211 2 1
121 211 2 1
122 211 2 1
123 211 2 1
124 211 2 1
125 211 2 1
126 211 2 1
127 211 2 1
128 211 2 1
129 211 2 1
130 211 2 1
131 211 2 1
132 211 2 1
133 211 2 1
134 211 2 1
135 211 2 1
136 211 2 1
137 211 2 1
138 211 2 1
139 211 2 1
140 211 2 1
141 211 2 1
142 211 2 1
143 211 2 1
144 211 2 1
145 211 2 1
146 211 2 1
147 211 2 1
148 211 2 1
149 211 2 1
150 211 2 1
151 211 2 1
152 211 2 1
239 211 3 0
240 211 3 0
241 211 3 0
242 211 3 0
243 211 3 0
244 211 3 0
245 211 3 0
246 211 3 0
76 212 2 1
77 212 2 1
78 212 2 1
79 212 2 1
80 212 2 1
81 212 2 1
82 212 2 1
83 212 2 1
84 212 2 1
85 212 2 1
86 212 2 1
87 212 2 1
88 212 2 1
89 212 2 1
90 212 2 1
91 212 2 1
92 212 2 1
93 212 2 1
94 212 2 1
95 212 2 1
96 212 2 1
97 212 2 1
98 212 2 1
99 212 2 1
100 212 2 1
101 212 2 1
102 212 2 1
103 212 2 1
104 212 2 1
105 212 2 1
106 212 2 1
107 212 2 1
108 212 2 1
109 212 2 1
110 212 2 1
111 212 2 1
112 212 2 1
113 212 2 1
114 212 2 1
115 212 2 1
116 212 2 1
117 212 2 1
118 212 2 1
119 212 2 1
120 212 2 1
121 212 2 1
122 212 2 1
123 212 2 1
124 212 2 1
125 212 2 1
126 212 2 1
127 212 2 1
128 212 2 1
129 212 2 1
130 212 2 1
131 212 2 1
132 212 2 1
133 212 2 1
134 212 2 1
135 212 2 1
136 212 2 1
137 212 2 1
138 212 2 1
139 212 2 1
140 212 2 1
141 212 2 1
142 212 2 1
143 212 2 1
144 212 2 1
145 212 2 1
146 212 2 1
238 212 3 0
239 212 3 0
240 212 3 0
241 212 3 0
242 212 3 0
243 212 3 0
244 212 3 0
245 212 3 0
246 212 3 0
75 213 2 1
76 213 2 1
77 213 2 1
78 213 2 1
79 213 2 1
80 213 2 1
81 213 2 1
82 213 2 1
83 213 2 1
84 213 2 1
85 213 2 1
86 213 2 1
87 213 2 1
88 213 2 1
89 213 2 1
90 213 2 1
91 213 2 1
92 213 2 1
93 213 2 1
94 213 2 1
95 213 2 1
96 213 2 1
97 213 2 1
98 213 2 1
99 213 2 1
100 213 2 1
101 213 2 1
102 213 2 1
103 213 2 1
104 213 2 1
105 213 2 1
106 213 2 1
107 213 2 1
108 213 2 1
109 213 2 1
110 213 2 1
111 213 2 1
112 213 2 1
113 213 2 1
114 213 2 1
115 213 2 1
116 213 2 1
117 213 2 1
118 213 2 1
119 213 2 1
120 213 2 1
121 213 2 1
122 213 2 1
123 213 2 1
124 213 2 1
125 213 2 1
126 213 2 1
127 213 2 1
128 213 2 1
129 213 2 1
130 213 2 1
131 213 2 1
132 213 2 1
133 213 2 1
134 213 2 1
135 213 2 1
136 213 2 1
137 213 2 1
238 213 3 0
239 213 3 0
240 213 3 0
241 213 3 0
242 213 3 0
243 213 3 0
244 213 3 0
245 213 3 0
76 214 2 1
77 214 2 1
78 214 2 1
79 214 2 1
80 214 2 1
81 214 2 1
82 214 2 1
83 214 2 1
84 214 2 1
85 214 2 1
86 214 2 1
87 214 2 1
88 214 2 1
89 214 2 1
90 214 2 1
91 214 2 1
92 214 2 1
93 214 2 1
94 214 2 1
95 214 2 1
96 214 2 1
97 214 2 1
98 214 2 1
99 214 2 1
100 214 2 1
101 214 2 1
102 214 2 1
103 214 2 1
104 214 2 1
105 214 2 1
106 214 2 1
107 214 2 1
108 214 2 1
109 214 2 1
110 214 2 1
111 214 2 1
112 214 2 1
113 214 2 1
114 214 2 1
115 214 2 1
116 214 2 1
117 214 2 1
118 214 2 1
119 214 2 1
120 214 2 1
121 214 2 1
122 214 2 1
123 214 2 1
124 214 2 1
125 214 2 1
126 214 2 1
127 214 2 1
128 214 2 1
129 214 2 1
130 214 2 1
131 214 2 1
132 214 2 1
133 214 2 1
134 214 2 1
135 214 2 1
237 214 3 0
238 214 3 0
239 214 3 0
240 214 3 0
241 214 3 0
242 214 3 0
243 214 3 0
244 214 3 0
245 214 3 0
76 215 2 1
77 215 2 1
78 215 2 1
79 215 2 1
80 215 2 1
81 215 2 1
82 215 2 1
83 215 2 1
84 215 2 1
85 215 2 1
86 215 2 1
87 215 2 1
88 215 2 1
89 215 2 1
90 215 2 1
91 215 2 1
92 215 2 1
93 215 2 1
94 215 2 1
95 215 2 1
96 215 2 1
97 215 2 1
98 215 2 1
99 215 2 1
100 215 2 1
101 215 2 1
102 215 2 1
103 215 2 1
104 215 2 1
105 215 2 1
106 215 2 1
107 215 2 1
108 215 2 1
109 215 2 1
110 215 2 1
111 215 2 1
112 215 2 1
113 215 2 1
114 215 2 1
115 215 2 1
116 215 2 1
117 215 2 1
118 215 2 1
119 215 2 1
120 215 2 1
121 215 2 1
122 215 2 1
123 215 2 1
124 215 2 1
125 215 2 1
126 215 2 1
236 215 3 0
237 215 3 0
238 215 3 0
239 215 3 0
240 215 3 0
241 215 3 0
242 215 3 0
243 215 3 0
244 215 3 0
78 216 2 1
79 216 2 1
80 216 2 1
81 216 2 1
82 216 2 1
83 216 2 1
84 216 2 1
85 216 2 1
86 216 2 1
87 216 2 1
88 216 2 1
89 216 2 1
90 216 2 1
91 216 2 1
92 216 2 1
93 216 2 1
94 216 2 1
95 216 2 1
96 216 2 1
97 216 2 1
98 216 2 1
99 216 2 1
100 216 2 1
101 216 2 1
102 216 2 1
103 216 2 1
104 216 2 1
105 216 2 1
106 216 2 1
107 216 2 1
108 216 2 1
109 216 2 1
110 216 2 1
111 216 2 1
112 216 2 1
113 216 2 1
114 216 2 1
115 216 2 1
116 216 2 1
117 216 2 1
118 216 2 1
119 216 2 1
236 216 3 0
237 216 3 0
238 216 3 0
239 216 3 0
240 216 3 0
241 216 3 0
242 216 3 0
243 216 3 0
235 217 3 0
236 217 3 0
237 217 3 0
238 217 3 0
239 217 3 0
240 217 3 0
241 217 3 0
242 217 3 0
234 218 3 0
235 218 3 0
236 218 3 0
237 218 3 0
238 218 3 0
239 218 3 0
240 218 3 0
241 218 3 0
242 218 3 0
233 219 3 0
234 219 3 0
235 219 3 0
236 219 3 0
237 219 3 0
238 219 3 0
239 219 3 0
240 219 3 0
241 219 3 0
232 220 3 0
233 220 3 0
234 220 3 0
235 220 3 0
236 220 3 0
237 220 3 0
238 220 3 0
239 220 3 0
240 220 3 0
231 221 3 0
232 221 3 0
233 221 3 0
234 221 3 0
235 221 3 0
236 221 3 0
237 221 3 0
238 221 3 0
239 221 3 0
240 221 3 0
230 222 3 0
231 222 3 0
232 222 3 0
233 222 3 0
234 222 3 0
235 222 3 0
236 222 3 0
237 222 3 0
238 222 3 0
239 222 3 0
230 223 3 0
231 223 3 0
232 223 3 0
233 223 3 0
234 223 3 0
235 223 3 0
236 223 3 0
237 223 3 0
238 223 3 0
229 224 3 0
230 224 3 0
231 224 3 0
232 224 3 0
233 224 3 0
234 224 3 0
235 224 3 0
236 224 3 0
237 224 3 0
229 225 3 0
230 225 3 0
231 225 3 0
232 225 3 0
233 225 3 0
234 225 3 0
235 225 3 0
236 225 3 0
228 226 3 0
229 226 3 0
230 226 3 0
231 226 3 0
232 226 3 0
233 226 3 0
234 226 3 0
235 226 3 0
227 227 3 0
228 227 3 0
229 227 3 0
230 227 3 0
231 227 3 0
232 227 3 0
233 227 3 0
234 227 3 0
226 228 3 0
227 228 3 0
228 228 3 0
229 228 3 0
230 228 3 0
231 228 3 0
232 228 3 0
233 228 3 0
234 228 3 0
225 229 3 0
226 229 3 0
227 229 3 0
228 229 3 0
229 229 3 0
230 229 3 0
231 229 3 0
232 229 3 0
233 229 3 0
224 230 3 0
225 230 3 0
226 230 3 0
227 230 3 0
228 230 3 0
229 230 3 0
230 230 3 0
231 230 3 0
232 230 3 0
233 230 3 0
224 231 3 0
225 231 3 0
226 231 3 0
227 231 3 0
228 231 3 0
229 231 3 0
230 231 3 0
231 231 3 0
232 231 3 0
223 232 3 0
224 232 3 0
225 232 3 0
226 232 3 0
227 232 3 0
228 232 3 0
229 232 3 0
230 232 3 0
231 232 3 0
222 233 3 0
223 233 3 0
224 233 3 0
225 233 3 0
226 233 3 0
227 233 3 0
228 233 3 0
229 233 3 0
230 233 3 0
221 234 3 0
222 234 3 0
223 234 3 0
224 234 3 0
225 234 3 0
226 234 3 0
227 234 3 0
228 234 3 0
229 234 3 0
221 235 3 0
222 235 3 0
223 235 3 0
224 235 3 0
225 235 3 0
226 235 3 0
227 235 3 0
228 235 3 0
220 236 3 0
221 236 3 0
222 236 3 0
223 236 3 0
224 236 3 0
225 236 3 0
226 236 3 0
227 236 3 0
228 236 3 0
220 237 3 0
221 237 3 0
222 237 3 0
223 237 3 0
224 237 3 0
225 237 3 0
226 237 3 0
227 237 3 0
219 238 3 0
220 238 3 0
221 238 3 0
222 238 3 0
223 238 3 0
224 238 3 0
225 238 3 0
226 238 3 0
219 239 3 0
220 239 3 0
221 239 3 0
222 239 3 0
223 239 3 0
224 239 3 0
225 239 3 0
219 240 3 0
220 240 3 0
221 240 3 0
222 240 3 0
223 240 3 0
224 240 3 0
225 240 3 0
219 241 3 0
220 241 3 0
221 241 3 0
222 241 3 0
223 241 3 0
224 241 3 0
225 241 3 0
218 242 3 0
219 242 3 0
220 242 3 0
221 242 3 0
222 242 3 0
223 242 3 0
224 242 3 0
225 242 3 0
218 243 3 0
219 243 3 0
220 243 3 0
221 243 3 0
222 243 3 0
223 243 3 0
224 243 3 0
217 244 3 0
218 244 3 0
219 244 3 0
220 244 3 0
221 244 3 0
222 244 3 0
223 244 3 0
224 244 3 0
217 245 3 0
218 245 3 0
219 245 3 0
220 245 3 0
221 245 3 0
222 245 3 0
223 245 3 0
217 246 3 0
218 246 3 0
219 246 3 0
220 246 3 0
221 246 3 0
222 246 3 0
223 246 3 0
217 247 3 0
218 247 3 0
219 247 3 0
220 247 3 0
221 247 3 0
222 247 3 0
223 247 3 0
217 248 3 0
218 248 3 0
219 248 3 0
220 248 3 0
221 248 3 0
222 248 3 0
223 248 3 0
216 249 3 0
217 249 3 0
218 249 3 0
219 249 3 0
220 249 3 0
221 249 3 0
222 249 3 0
223 249 3 0
216 250 3 0
217 250 3 0
218 250 3 0
219 250 3 0
220 250 3 0
221 250 3 0
222 250 3 0
216 251 3 0
217 251 3 0
218 251 3 0
219 251 3 0
220 251 3 0
221 251 3 0
222 251 3 0
216 252 3 0
217 252 3 0
218 252 3 0
219 252 3 0
220 252 3 0
221 252 3 0
222 252 3 0
215 253 3 0
216 253 3 0
217 253 3 0
218 253 3 0
219 253 3 0
220 253 3 0
221 253 3 0
222 253 3 0
215 254 3 0
216 254 3 0
217 254 3 0
218 254 3 0
219 254 3 0
220 254 3 0
221 254 3 0
215 255 3 0
216 255 3 0
217 255 3 0
218 255 3 0
219 255 3 0
220 255 3 0
221 255 3 0
215 256 3 0
216 256 3 0
217 256 3 0
218 256 3 0
219 256 3 0
220 256 3 0
221 256 3 0
214 257 3 0
215 257 3 0
216 257 3 0
217 257 3 0
218 257 3 0
219 257 3 0
220 257 3 0
221 257 3 0
214 258 3 0
215 258 3 0
216 258 3 0
217 258 3 0
218 258 3 0
219 258 3 0
220 258 3 0
214 259 3 0
215 259 3 0
216 259 3 0
217 259 3 0
218 259 3 0
219 259 3 0
220 259 3 0
214 260 3 0
215 260 3 0
216 260 3 0
217 260 3 0
218 260 3 0
219 260 3 0
220 260 3 0
214 261 3 0
215 261 3 0
216 261 3 0
217 261 3 0
218 261 3 0
219 261 3 0
220 261 3 0
214 262 3 0
215 262 3 0
216 262 3 0
217 262 3 0
218 262 3 0
219 262 3 0
220 262 3 0
214 263 3 0
215 263 3 0
216 263 3 0
217 263 3 0
218 263 3 0
219 263 3 0
220 263 3 0
214 264 3 0
215 264 3 0
216 264 3 0
217 264 3 0
218 264 3 0
219 264 3 0
220 264 3 0
213 265 3 0
214 265 3 0
215 265 3 0
216 265 3 0
217 265 3 0
218 265 3 0
219 265 3 0
220 265 3 0
213 266 3 0
214 266 3 0
215 266 3 0
216 266 3 0
217 266 3 0
218 266 3 0
219 266 3 0
212 267 3 0
213 267 3 0
214 267 3 0
215 267 3 0
216 267 3 0
217 267 3 0
218 267 3 0
219 267 3 0
212 268 3 0
213 268 3 0
214 268 3 0
215 268 3 0
216 268 3 0
217 268 3 0
218 268 3 0
212 269 3 0
213 269 3 0
214 269 3 0
215 269 3 0
216 269 3 0
217 269 3 0
218 269 3 0
211 270 3 0
212 270 3 0
213 270 3 0
214 270 3 0
215 270 3 0
216 270 3 0
217 270 3 0
218 270 3 0
211 271 3 0
212 271 3 0
213 271 3 0
214 271 3 0
215 271 3 0
216 271 3 0
217 271 3 0
211 272 3 0
212 272 3 0
213 272 3 0
214 272 3 0
215 272 3 0
216 272 3 0
217 272 3 0
210 273 3 0
211 273 3 0
212 273 3 0
213 273 3 0
214 273 3 0
215 273 3 0
216 273 3 0
217 273 3 0
210 274 3 0
211 274 3 0
212 274 3 0
213 274 3 0
214 274 3 0
215 274 3 0
216 274 3 0
210 275 3 0
211 275 3 0
212 275 3 0
213 275 3 0
214 275 3 0
215 275 3 0
216 275 3 0
209 276 3 0
210 276 3 0
211 276 3 0
212 276 3 0
213 276 3 0
214 276 3 0
215 276 3 0
216 276 3 0
209 277 3 0
210 277 3 0
211 277 3 0
212 277 3 0
213 277 3 0
214 277 3 0
215 277 3 0
209 278 3 0
210 278 3 0
211 278 3 0
212 278 3 0
213 278 3 0
214 278 3 0
215 278 3 0
208 279 3 0
209 279 3 0
210 279 3 0
211 279 3 0
212 279 3 0
213 279 3 0
214 279 3 0
215 279 3 0
208 280 3 0
209 280 3 0
210 280 3 0
211 280 3 0
212 280 3 0
213 280 3 0
214 280 3 0
208 281 3 0
209 281 3 0
210 281 3 0
211 281 3 0
212 281 3 0
213 281 3 0
214 281 3 0
208 282 3 0
209 282 3 0
210 282 3 0
211 282 3 0
212 282 3 0
213 282 3 0
214 282 3 0
207 283 3 0
208 283 3 0
209 283 3 0
210 283 3 0
211 283 3 0
212 283 3 0
213 283 3 0
214 283 3 0
207 284 3 0
208 284 3 0
209 284 3 0
210 284 3 0
211 284 3 0
212 284 3 0
213 284 3 0
207 285 3 0
208 285 3 0
209 285 3 0
210 285 3 0
211 285 3 0
212 285 3 0
213 285 3 0
207 286 3 0
208 286 3 0
209 286 3 0
210 286 3 0
211 286 3 0
212 286 3 0
213 286 3 0
207 287 3 0
208 287 3 0
209 287 3 0
210 287 3 0
211 287 3 0
212 287 3 0
213 287 3 0
207 288 3 0
208 288 3 0
209 288 3 0
210 288 3 0
211 288 3 0
212 288 3 0
213 288 3 0
207 289 3 0
208 289 3 0
209 289 3 0
210 289 3 0
211 289 3 0
212 289 3 0
213 289 3 0
207 290 3 0
208 290 3 0
209 290 3 0
210 290 3 0
211 290 3 0
212 290 3 0
213 290 3 0
207 291 3 0
208 291 3 0
209 291 3 0
210 291 3 0
211 291 3 0
212 291 3 0
213 291 3 0
206 292 3 0
207 292 3 0
208 292 3 0
209 292 3 0
210 292 3 0
211 292 3 0
212 292 3 0
213 292 3 0
206 293 3 0
207 293 3 0
208 293 3 0
209 293 3 0
210 293 3 0
211 293 3 0
212 293 3 0
206 294 3 0
207 294 3 0
208 294 3 0
209 294 3 0
210 294 3 0
211 294 3 0
212 294 3 0
206 295 3 0
207 295 3 0
208 295 3 0
209 295 3 0
210 295 3 0
211 295 3 0
212 295 3 0
206 296 3 0
207 296 3 0
208 296 3 0
209 296 3 0
210 296 3 0
211 296 3 0
212 296 3 0
206 297 3 0
207 297 3 0
208 297 3 0
209 297 3 0
210 297 3 0
211 297 3 0
212 297 3 0
206 298 3 0
207 298 3 0
208 298 3 0
209 298 3 0
210 298 3 0
211 298 3 0
212 298 3 0
206 299 3 0
207 299 3 0
208 299 3 0
209 299 3 0
210 299 3 0
211 299 3 0
212 299 3 0
205 300 3 0
206 300 3 0
207 300 3 0
208 300 3 0
209 300 3 0
210 300 3 0
211 300 3 0
212 300 3 0
205 301 3 0
206 301 3 0
207 301 3 0
208 301 3 0
209 301 3 0
210 301 3 0
211 301 3 0
205 302 3 0
206 302 3 0
207 302 3 0
208 302 3 0
209 302 3 0
210 302 3 0
211 302 3 0
205 303 3 0
206 303 3 0
207 303 3 0
208 303 3 0
209 303 3 0
210 303 3 0
211 303 3 0
205 304 3 0
206 304 3 0
207 304 3 0
208 304 3 0
209 304 3 0
210 304 3 0
211 304 3 0
205 305 3 0
206 305 3 0
207 305 3 0
208 305 3 0
209 305 3 0
210 305 3 0
211 305 3 0
204 306 3 0
205 306 3 0
206 306 3 0
207 306 3 0
208 306 3 0
209 306 3 0
210 306 3 0
211 306 3 0
204 307 3 0
205 307 3 0
206 307 3 0
207 307 3 0
208 307 3 0
209 307 3 0
210 307 3 0
204 308 3 0
205 308 3 0
206 308 3 0
207 308 3 0
208 308 3 0
209 308 3 0
210 308 3 0
203 309 3 0
204 309 3 0
205 309 3 0
206 309 3 0
207 309 3 0
208 309 3 0
209 309 3 0
210 309 3 0
203 310 3 0
204 310 3 0
205 310 3 0
206 310 3 0
207 310 3 0
208 310 3 0
209 310 3 0
203 311 3 0
204 311 3 0
205 311 3 0
206 311 3 0
207 311 3 0
208 311 3 0
209 311 3 0
203 312 3 0
204 312 3 0
205 312 3 0
206 312 3 0
207 312 3 0
208 312 3 0
209 312 3 0
203 313 3 0
204 313 3 0
205 313 3 0
206 313 3 0
207 313 3 0
208 313 3 0
209 313 3 0
203 314 3 0
204 314 3 0
205 314 3 0
206 314 3 0
207 314 3 0
208 314 3 0
209 314 3 0
203 315 3 0
204 315 3 0
205 315 3 0
206 315 3 0
207 315 3 0
208 315 3 0
209 315 3 0
203 316 3 0
204 316 3 0
205 316 3 0
206 316 3 0
207 316 3 0
208 316 3 0
209 316 3 0
203 317 3 0
204 317 3 0
205 317 3 0
206 317 3 0
207 317 3 0
208 317 3 0
209 317 3 0
203 318 3 0
204 318 3 0
205 318 3 0
206 318 3 0
207 318 3 0
208 318 3 0
209 318 3 0
203 319 3 0
204 319 3 0
205 319 3 0
206 319 3 0
207 319 3 0
208 319 3 0
209 319 3 0
203 320 3 0
204 320 3 0
205 320 3 0
206 320 3 0
207 320 3 0
208 320 3 0
209 320 3 0
202 321 3 0
203 321 3 0
204 321 3 0
205 321 3 0
206 321 3 0
207 321 3 0
208 321 3 0
209 321 3 0
202 322 3 0
203 322 3 0
204 322 3 0
205 322 3 0
206 322 3 0
207 322 3 0
208 322 3 0
202 323 3 0
203 323 3 0
204 323 3 0
205 323 3 0
206 323 3 0
207 323 3 0
208 323 3 0
202 324 3 0
203 324 3 0
204 324 3 0
205 324 3 0
206 324 3 0
207 324 3 0
208 324 3 0
202 325 3 0
203 325 3 0
204 325 3 0
205 325 3 0
206 325 3 0
207 325 3 0
208 325 3 0
202 326 3 0
203 326 3 0
204 326 3 0
205 326 3 0
206 326 3 0
207 326 3 0
208 326 3 0
202 327 3 0
203 327 3 0
204 327 3 0
205 327 3 0
206 327 3 0
207 327 3 0
208 327 3 0
202 328 3 0
203 328 3 0
204 328 3 0
205 328 3 0
206 328 3 0
207 328 3 0
208 328 3 0
202 329 3 0
203 329 3 0
204 329 3 0
205 329 3 0
206 329 3 0
207 329 3 0
208 329 3 0
202 330 3 0
203 330 3 0
204 330 3 0
205 330 3 0
206 330 3 0
207 330 3 0
208 330 3 0
202 331 3 0
203 331 3 0
204 331 3 0
205 331 3 0
206 331 3 0
207 331 3 0
208 331 3 0
202 332 3 0
203 332 3 0
204 332 3 0
205 332 3 0
206 332 3 0
207 332 3 0
208 332 3 0
202 333 3 0
203 333 3 0
204 333 3 0
205 333 3 0
206 333 3 0
207 333 3 0
208 333 3 0
202 334 3 0
203 334 3 0
204 334 3 0
205 334 3 0
206 334 3 0
207 334 3 0
208 334 3 0
202 335 3 0
203 335 3 0
204 335 3 0
205 335 3 0
206 335 3 0
207 335 3 0
208 335 3 0
202 336 3 0
203 336 3 0
204 336 3 0
205 336 3 0
206 336 3 0
207 336 3 0
208 336 3 0
202 337 3 0
203 337 3 0
204 337 3 0
205 337 3 0
206 337 3 0
207 337 3 0
208 337 3 0
202 338 3 0
203 338 3 0
204 338 3 0
205 338 3 0
206 338 3 0
207 338 3 0
208 338 3 0
202 339 3 0
203 339 3 0
204 339 3 0
205 339 3 0
206 339 3 0
207 339 3 0
208 339 3 0
202 340 3 0
203 340 3 0
204 340 3 0
205 340 3 0
206 340 3 0
207 340 3 0
208 340 3 0
202 341 3 0
203 341 3 0
204 341 3 0
205 341 3 0
206 341 3 0
207 341 3 0
208 341 3 0
201 342 3 0
202 342 3 0
203 342 3 0
204 342 3 0
205 342 3 0
206 342 3 0
207 342 3 0
208 342 3 0
201 343 3 0
202 343 3 0
203 343 3 0
204 343 3 0
205 343 3 0
206 343 3 0
207 343 3 0
201 344 3 0
202 344 3 0
203 344 3 0
204 344 3 0
205 344 3 0
206 344 3 0
207 344 3 0
201 345 3 0
202 345 3 0
203 345 3 0
204 345 3 0
205 345 3 0
206 345 3 0
207 345 3 0
200 346 3 0
201 346 3 0
202 346 3 0
203 346 3 0
204 346 3 0
205 346 3 0
206 346 3 0
207 346 3 0
200 347 3 0
201 347 3 0
202 347 3 0
203 347 3 0
204 347 3 0
205 347 3 0
206 347 3 0
200 348 3 0
201 348 3 0
202 348 3 0
203 348 3 0
204 348 3 0
205 348 3 0
206 348 3 0
200 349 3 0
201 349 3 0
202 349 3 0
203 349 3 0
204 349 3 0
205 349 3 0
206 349 3 0
200 350 3 0
201 350 3 0
202 350 3 0
203 350 3 0
204 350 3 0
205 350 3 0
206 350 3 0
200 351 3 0
201 351 3 0
202 351 3 0
203 351 3 0
204 351 3 0
205 351 3 0
206 351 3 0
200 352 3 0
201 352 3 0
202 352 3 0
203 352 3 0
204 352 3 0
205 352 3 0
206 352 3 0
200 353 3 0
201 353 3 0
202 353 3 0
203 353 3 0
204 353 3 0
205 353 3 0
206 353 3 0
200 354 3 0
201 354 3 0
202 354 3 0
203 354 3 0
204 354 3 0
205 354 3 0
206 354 3 0
200 355 3 0
201 355 3 0
202 355 3 0
203 355 3 0
204 355 3 0
205 355 3 0
206 355 3 0
200 356 3 0
201 356 3 0
202 356 3 0
203 356 3 0
204 356 3 0
205 356 3 0
206 356 3 0
200 357 3 0
201 357 3 0
202 357 3 0
203 357 3 0
204 357 3 0
205 357 3 0
206 357 3 0
200 358 3 0
201 358 3 0
202 358 3 0
203 358 3 0
204 358 3 0
205 358 3 0
206 358 3 0
200 359 3 0
201 359 3 0
202 359 3 0
203 359 3 0
204 359 3 0
205 359 3 0
206 359 3 0
200 360 3 0
201 360 3 0
202 360 3 0
203 360 3 0
204 360 3 0
205 360 3 0
206 360 3 0
200 361 3 0
201 361 3 0
202 361 3 0
203 361 3 0
204 361 3 0
205 361 3 0
206 361 3 0
200 362 3 0
201 362 3 0
202 362 3 0
203 362 3 0
204 362 3 0
205 362 3 0
206 362 3 0
200 363 3 0
201 363 3 0
202 363 3 0
203 363 3 0
204 363 3 0
205 363 3 0
206 363 3 0
200 364 3 0
201 364 3 0
202 364 3 0
203 364 3 0
204 364 3 0
205 364 3 0
206 364 3 0
200 365 3 0
201 365 3 0
202 365 3 0
203 365 3 0
204 365 3 0
205 365 3 0
206 365 3 0
200 366 3 0
201 366 3 0
202 366 3 0
203 366 3 0
204 366 3 0
205 366 3 0
206 366 3 0
200 367 3 0
201 367 3 0
202 367 3 0
203 367 3 0
204 367 3 0
205 367 3 0
206 367 3 0
200 368 3 0
201 368 3 0
202 368 3 0
203 368 3 0
204 368 3 0
205 368 3 0
206 368 3 0
200 369 3 0
201 369 3 0
202 369 3 0
203 369 3 0
204 369 3 0
205 369 3 0
206 369 3 0
200 370 3 0
201 370 3 0
202 370 3 0
203 370 3 0
204 370 3 0
205 370 3 0
206 370 3 0
200 371 3 0
201 371 3 0
202 371 3 0
203 371 3 0
204 371 3 0
205 371 3 0
206 371 3 0
200 372 3 0
201 372 3 0
202 372 3 0
203 372 3 0
204 372 3 0
205 372 3 0
206 372 3 0
200 373 3 0
201 373 3 0
202 373 3 0
203 373 3 0
204 373 3 0
205 373 3 0
206 373 3 0
200 374 3 0
201 374 3 0
202 374 3 0
203 374 3 0
204 374 3 0
205 374 3 0
206 374 3 0
200 375 3 0
201 375 3 0
202 375 3 0
203 375 3 0
204 375 3 0
205 375 3 0
206 375 3 0
200 376 3 0
201 376 3 0
202 376 3 0
203 376 3 0
204 376 3 0
205 376 3 0
206 376 3 0
200 377 3 0
201 377 3 0
202 377 3 0
203 377 3 0
204 377 3 0
205 377 3 0
206 377 3 0
200 378 3 0
201 378 3 0
202 378 3 0
203 378 3 0
204 378 3 0
205 378 3 0
206 378 3 0
200 379 3 0
201 379 3 0
202 379 3 0
203 379 3 0
204 379 3 0
205 379 3 0
206 379 3 0
200 380 3 0
201 380 3 0
202 380 3 0
203 380 3 0
204 380 3 0
205 380 3 0
206 380 3 0
200 381 3 0
201 381 3 0
202 381 3 0
203 381 3 0
204 381 3 0
205 381 3 0
206 381 3 0
200 382 3 0
201 382 3 0
202 382 3 0
203 382 3 0
204 382 3 0
205 382 3 0
206 382 3 0
200 383 3 0
201 383 3 0
202 383 3 0
203 383 3 0
204 383 3 0
205 383 3 0
206 383 3 0
200 384 3 0
201 384 3 0
202 384 3 0
203 384 3 0
204 384 3 0
205 384 3 0
206 384 3 0
200 385 3 0
201 385 3 0
202 385 3 0
203 385 3 0
204 385 3 0
205 385 3 0
206 385 3 0
200 386 3 0
201 386 3 0
202 386 3 0
203 386 3 0
204 386 3 0
205 386 3 0
206 386 3 0
200 387 3 0
201 387 3 0
202 387 3 0
203 387 3 0
204 387 3 0
205 387 3 0
206 387 3 0
200 388 3 0
201 388 3 0
202 388 3 0
203 388 3 0
204 388 3 0
205 388 3 0
206 388 3 0
200 389 3 0
201 389 3 0
202 389 3 0
203 389 3 0
204 389 3 0
205 389 3 0
206 389 3 0
200 390 3 0
201 390 3 0
202 390 3 0
203 390 3 0
204 390 3 0
205 390 3 0
206 390 3 0
200 391 3 0
201 391 3 0
202 391 3 0
203 391 3 0
204 391 3 0
205 391 3 0
206 391 3 0
200 392 3 0
201 392 3 0
202 392 3 0
203 392 3 0
204 392 3 0
205 392 3 0
206 392 3 0
200 393 3 0
201 393 3 0
202 393 3 0
203 393 3 0
204 393 3 0
205 393 3 0
206 393 3 0
200 394 3 0
201 394 3 0
202 394 3 0
203 394 3 0
204 394 3 0
205 394 3 0
206 394 3 0
200 395 3 0
201 395 3 0
202 395 3 0
203 395 3 0
204 395 3 0
205 395 3 0
206 395 3 0
200 396 3 0
201 396 3 0
202 396 3 0
203 396 3 0
204 396 3 0
205 396 3 0
206 396 3 0
200 397 3 0
201 397 3 0
202 397 3 0
203 397 3 0
204 397 3 0
205 397 3 0
206 397 3 0
200 398 3 0
201 398 3 0
202 398 3 0
203 398 3 0
204 398 3 0
205 398 3 0
206 398 3 0
200 399 3 0
201 399 3 0
202 399 3 0
203 399 3 0
204 399 3 0
205 399 3 0
206 399 3 0
200 400 3 0
201 400 3 0
202 400 3 0
203 400 3 0
204 400 3 0
205 400 3 0
206 400 3 0
200 401 3 0
201 401 3 0
202 401 3 0
203 401 3 0
204 401 3 0
205 401 3 0
206 401 3 0
200 402 3 0
201 402 3 0
202 402 3 0
203 402 3 0
204 402 3 0
205 402 3 0
206 402 3 0
200 403 3 0
201 403 3 0
202 403 3 0
203 403 3 0
204 403 3 0
205 403 3 0
206 403 3 0
200 404 3 0
201 404 3 0
202 404 3 0
203 404 3 0
204 404 3 0
205 404 3 0
206 404 3 0
200 405 3 0
201 405 3 0
202 405 3 0
203 405 3 0
204 405 3 0
205 405 3 0
206 405 3 0
200 406 3 0
201 406 3 0
202 406 3 0
203 406 3 0
204 406 3 0
205 406 3 0
206 406 3 0
200 407 3 0
201 407 3 0
202 407 3 0
203 407 3 0
204 407 3 0
205 407 3 0
206 407 3 0
200 408 3 0
201 408 3 0
202 408 3 0
203 408 3 0
204 408 3 0
205 408 3 0
206 408 3 0
200 409 3 0
201 409 3 0
202 409 3 0
203 409 3 0
204 409 3 0
205 409 3 0
206 409 3 0
200 410 3 0
201 410 3 0
202 410 3 0
203 410 3 0
204 410 3 0
205 410 3 0
206 410 3 0
200 411 3 0
201 411 3 0
202 411 3 0
203 411 3 0
204 411 3 0
205 411 3 0
206 411 3 0
200 412 3 0
201 412 3 0
202 412 3 0
203 412 3 0
204 412 3 0
205 412 3 0
206 412 3 0
200 413 3 0
201 413 3 0
202 413 3 0
203 413 3 0
204 413 3 0
205 413 3 0
206 413 3 0
200 414 3 0
201 414 3 0
202 414 3 0
203 414 3 0
204 414 3 0
205 414 3 0
206 414 3 0
200 415 3 0
201 415 3 0
202 415 3 0
203 415 3 0
204 415 3 0
205 415 3 0
206 415 3 0
200 416 3 0
201 416 3 0
202 416 3 0
203 416 3 0
204 416 3 0
205 416 3 0
206 416 3 0
200 417 3 0
201 417 3 0
202 417 3 0
203 417 3 0
204 417 3 0
205 417 3 0
206 417 3 0
200 418 3 0
201 418 3 0
202 418 3 0
203 418 3 0
204 418 3 0
205 418 3 0
206 418 3 0
200 419 3 0
201 419 3 0
202 419 3 0
203 419 3 0
204 419 3 0
205 419 3 0
206 419 3 0
200 420 3 0
201 420 3 0
202 420 3 0
203 420 3 0
204 420 3 0
205 420 3 0
206 420 3 0
200 421 3 0
201 421 3 0
202 421 3 0
203 421 3 0
204 421 3 0
205 421 3 0
206 421 3 0
200 422 3 0
201 422 3 0
202 422 3 0
203 422 3 0
204 422 3 0
205 422 3 0
206 422 3 0
200 423 3 0
201 423 3 0
202 423 3 0
203 423 3 0
204 423 3 0
205 423 3 0
206 423 3 0
200 424 3 0
201 424 3 0
202 424 3 0
203 424 3 0
204 424 3 0
205 424 3 0
206 424 3 0
201 425 3 0
202 425 3 0
203 425 3 0
204 425 3 0
205 425 3 0
206 425 3 0
207 425 3 0
201 426 3 0
202 426 3 0
203 426 3 0
204 426 3 0
205 426 3 0
206 426 3 0
202 427 3 0
203 427 3 0
204 427 3 0
205 427 3 0
206 427 3 0
204 428 3 0
